"Agr","Min","Man","PS","Con","SI","Fin","SPS","TC"
"Agr",1,0.04,-0.67,-0.4,-0.54,-0.74,-0.22,-0.75,-0.56
"Min",0.04,1,0.45,0.41,-0.03,-0.4,-0.44,-0.28,0.16
"Man",-0.67,0.45,1,0.39,0.49,0.2,-0.16,0.15,0.35
"PS",-0.4,0.41,0.39,1,0.06,0.2,0.11,0.13,0.38
"Con",-0.54,-0.03,0.49,0.06,1,0.36,0.02,0.16,0.39
"SI",-0.74,-0.4,0.2,0.2,0.36,1,0.37,0.57,0.19
"Fin",-0.22,-0.44,-0.16,0.11,0.02,0.37,1,0.11,-0.25
"SPS",-0.75,-0.28,0.15,0.13,0.16,0.57,0.11,1,0.57
"TC",-0.56,0.16,0.35,0.38,0.39,0.19,-0.25,0.57,1
